key3=0.36666667 0.1333333 0.2 1|0.2666667 0.9568627 0.02352941 1
key10=0.76666667 0.1333333 0.2 1|0.2666667 0.9568627 0.02352941 1
key1=0.06666667 0.1333333 0.2 1|0.2666667 0.2 0.4 1
key2=0.1333333 0.2705882 0.8 1|0.6666667 0.2 0.7490196 1
key4=0.8 0.8 0.8 1|0.07843138 0.07843138 0.07843138 1
